--------------------------------
Mutation Rate = 15 %
Crossover Rate = 50 % 
Generation = 400
Population Per Generation = 200
--------------------------------

Cost = 42778912.000000      
Time = 1563.375977          
Z1 = 28151348.000000      
Z2 = 93411778560.000000

W_111 = 22901
W_211 = 18559
W_311 = 6272
W_121 = 941
W_221 = 4344
W_321 = 12043
W_131 = 158
W_231 = 697
W_331 = 5785
W_112 = 19288
W_212 = 15160
W_312 = 7217
W_122 = 1243
W_222 = 7363
W_322 = 11892
W_132 = 3469
W_232 = 1077
W_332 = 4991

k: 1
U_111 = 1853
U_211 = 1600
U_311 = 231
U_121 = 3593
U_221 = 86
U_321 = 37
U_131 = 2160
U_231 = 228
U_331 = 169
U_112 = 382
U_212 = 109
U_312 = 102
U_122 = 0
U_222 = 0
U_322 = 0
U_132 = 2080
U_232 = 275
U_332 = 184
k: 2
U_111 = 2750
U_211 = 143
U_311 = 452
U_121 = 674
U_221 = 1716
U_321 = 261
U_131 = 3025
U_231 = 273
U_331 = 1280
U_112 = 2763
U_212 = 3836
U_312 = 127
U_122 = 3274
U_222 = 900
U_322 = 247
U_132 = 2103
U_232 = 1215
U_332 = 366

k: 1
Z_11 = 1
Z_21 = 1
Z_31 = 1
Z_12 = 1
Z_22 = 0
Z_32 = 1
k: 2
Z_11 = 1
Z_21 = 1
Z_31 = 1
Z_12 = 1
Z_22 = 1
Z_32 = 1

k: 1
Q_11 = 3684
Q_21 = 3716
Q_31 = 2557
Q_12 = 593
Q_22 = 0
Q_32 = 2539
k: 2
Q_11 = 3345
Q_21 = 2651
Q_31 = 4578
Q_12 = 6726
Q_22 = 4421
Q_32 = 3684

k: 1
Im_11 = 0
Im_21 = 0
Im_31 = 0
Im_12 = 0
Im_22 = 0
Im_32 = 0
k: 2
Im_11 = 0
Im_21 = 0
Im_31 = 0
Im_12 = 0
Im_22 = 0
Im_32 = 0

Y_1 = 1
Y_2 = 1
Y_3 = 1

k: 1
Ij_11 = 0
Ij_21 = 0
Ij_31 = 0
Ij_12 = 0
Ij_22 = 0
Ij_32 = 0
k: 2
Ij_11 = 0
Ij_21 = 0
Ij_31 = 0
Ij_12 = 0
Ij_22 = 0
Ij_32 = 0

k: 1
X_111 = 4229
X_211 = 3307
X_311 = 62
X_121 = 1866
X_221 = 24
X_321 = 17
X_131 = 319
X_231 = 83
X_331 = 25
X_112 = 324
X_212 = 2048
X_312 = 85
X_122 = 143
X_222 = 129
X_322 = 105
X_132 = 210
X_232 = 15
X_332 = 54
k: 2
X_111 = 5476
X_211 = 849
X_311 = 115
X_121 = 2088
X_221 = 38
X_321 = 0
X_131 = 675
X_231 = 1233
X_331 = 81
X_112 = 7833
X_212 = 237
X_312 = 60
X_122 = 3690
X_222 = 2208
X_322 = 45
X_132 = 223
X_232 = 197
X_332 = 309

k: 1
S_11 = 747
S_21 = 86
S_31 = 3396
S_12 = 2823
S_22 = 1308
S_32 = 3256
k: 2
S_11 = 623
S_21 = 474
S_31 = 1804
S_12 = 58
S_22 = 43
S_32 = 1586
